index,s_m,x_m,y_m,z_m,nx,ny,nz,tx,ty,tz,bx,by,bz,local_radius_m
0,0.0,0.0788675993680954,0.043357834219932556,-0.23800000548362732,0.8763066724943034,0.48175368783431405,-0.0,-0.346427173086685,0.6047527129827517,0.7171208893116764,0.3455014922605543,-0.6284648580184621,0.6968935651027096,0.18587420880794525
1,0.004534238658695792,0.07729681581258774,0.04609992727637291,-0.23474840819835663,0.858853449421107,0.5122213900428856,-0.0,-0.357028303735944,0.5986879437871101,0.7170101368149523,0.36726792907624445,-0.6158066294780659,0.6970627399043151,0.18512049317359924
2,0.009056880593945741,0.07563427835702896,0.048779673874378204,-0.2315066158771515,0.8403808378605695,0.5419963536378885,-0.0,-0.3779670220383631,0.5860938175405148,0.7166833103207003,0.3884397410232397,-0.6022869209883058,0.6973987613985451,0.1849534958600998
3,0.013568070330205807,0.0738825798034668,0.051394205540418625,-0.22827449440956116,0.8209175531936576,0.5710467326397536,-0.0,-0.3984163120381418,0.5727938863493244,0.71635996961218,0.40907502017015085,-0.5880724736456505,0.6977308891063061,0.18479840457439423
4,0.018067951685324282,0.07204438745975494,0.053940776735544205,-0.22505192458629608,0.8004931272260679,0.599341933510271,-0.0,-0.41835699217607275,0.5588079390663376,0.7160384866289116,0.4291518911794884,-0.5731838875568392,0.6980608034707988,0.18459452688694
5,0.022556691568004508,0.07012240588665009,0.056416746228933334,-0.22183877229690552,0.7791377639926064,0.6268527296906361,-0.0,-0.43776626117321765,0.5441535430647211,0.7157217491096194,0.44865213225654416,-0.5576458434015186,0.698385550794592,0.18443287909030914
6,0.027034439040726846,0.06811945140361786,0.05881956219673157,-0.21863488852977753,0.7568827678183555,0.6535506681043369,-0.0,-0.4566242488732738,0.5288562535930391,0.7154057299018886,0.46755389287031984,-0.5414782691086445,0.6987092681115057,0.18426629900932312
7,0.031501308005369835,0.06603837758302689,0.0611468143761158,-0.21544021368026733,0.7337597286631058,0.6794090524803488,-0.0,-0.4749106779415535,0.5129376987536052,0.7150907391194841,0.4858391216447363,-0.524704786859275,0.6990316405760427,0.18411290645599365
8,0.03595748530516019,0.06388211250305176,0.06339619308710098,-0.2122545689344406,0.7098011523969359,0.7044021039548234,-0.0,-0.4926051656797421,0.4964145282224131,0.7147816218365949,0.5034936784316266,-0.5073528190345401,0.6993477195194784,0.18391625583171844
9,0.04040310951893149,0.06165362522006035,0.06556547433137894,-0.2090778350830078,0.6850401939246085,0.7285052729443589,-0.0,-0.5096918569895222,0.47931223602406675,0.7144746260828174,0.5204985326131919,-0.4894438365253238,0.699661352680628,0.18376657366752625
10,0.044838352195327086,0.05935593694448471,0.06765259057283401,-0.2059098780155182,0.6595103480648441,0.7516954840860682,-0.0,-0.5261513823591583,0.46165691868465464,0.7141691762265697,0.536837744786703,-0.4710019621164654,0.6999731333806795,0.18362337350845337
11,0.049263316444474084,0.05699215456843376,0.06965555250644684,-0.20275060832500458,0.633246135165945,0.7739504714756582,-0.0,-0.5419687002522826,0.44346776357730033,0.7138671239205509,0.5524977972691322,-0.4520535973591425,0.7002811786185713,0.18342000246047974
12,0.05367817494621692,0.05456537753343582,0.07157248258590698,-0.19959987699985504,0.6062819550856996,0.7952497663862981,-0.0,-0.5571296524607923,0.4247708854650705,0.7135658660629282,0.5674630884164157,-0.4326221084571217,0.7005881490283844,0.1832914501428604
13,0.058083061342346996,0.052078768610954285,0.07340165227651596,-0.19645759463310242,0.5786529870991098,0.8155738596358256,-0.0,-0.5716150640322537,0.4055895973734993,0.713269442128152,0.5817239120113137,-0.41273549338944493,0.7008899362173956,0.1831233650445938
14,0.06247814200661078,0.04953554645180702,0.07514140009880066,-0.19332358241081238,0.5503949482840026,0.8349044262090423,-0.0,-0.5854100375436576,0.3859457926451292,0.7129803174581023,0.5952704229784996,-0.3924207650424111,0.7011840462321763,0.18297675251960754
15,0.06686358235285743,0.0469389334321022,0.0767902135848999,-0.19019770622253418,0.5215436581984533,0.8532245968049533,-0.0,-0.598509166847968,0.3658704005035706,0.712689011585213,0.608083794690745,-0.3716984343416753,0.701480129827247,0.18281766772270203
16,0.07123947985321542,0.044292181730270386,0.07834668457508087,-0.18707992136478424,0.4921353256695608,0.8705187081436649,-0.0,-0.6108978606794103,0.34538639813544286,0.7123987926718751,0.6201564768153178,-0.35059661191477287,0.701774864167914,0.18267123401165009
17,0.07560604195155536,0.04159856587648392,0.0798095241189003,-0.18397003412246704,0.4622063154182463,0.8867724183732199,-0.0,-0.6225597363478026,0.3245164221330126,0.7121154867326948,0.631484372472488,-0.3291442753487501,0.702062342907077,0.18251852691173553
18,0.07996333850832042,0.03886144608259201,0.08117751777172089,-0.1808679699897766,0.43179380465374767,0.901972344510984,-0.0,-0.6334886011050492,0.3032871213636336,0.711835033055362,0.642055513800248,-0.3073659572711542,0.7023466989382713,0.18236170709133148
19,0.0843115843465159,0.036084096878767014,0.08244961500167847,-0.17777356505393982,0.40093440364338184,0.9161067645068044,-0.0,-0.6436760482745156,0.28172579657948044,0.7115558449056268,0.6518611229604996,-0.2852872183878868,0.702629546345141,0.18221786618232727
20,0.08865084925248648,0.03326990082859993,0.08362483978271484,-0.1746867597103119,0.36966558609998296,0.929164869360307,-0.0,-0.6531080121835915,0.2598575459962335,0.7112833332859789,0.6608994855694539,-0.26293697032950497,0.7029054129881007,0.1820952296257019
21,0.09298142898754762,0.03042215295135975,0.08470238000154495,-0.17160728573799133,0.33802388511438025,0.941137531443827,-0.0,-0.6617819726809968,0.23770997143544462,0.7110123698745392,0.6691604267390986,-0.24033916367583233,0.7031795003339824,0.18193887174129486
22,0.09730333105192254,0.02754424884915352,0.0856814756989479,-0.16853517293930054,0.30604719704467237,0.9520163408162169,-0.0,-0.669691126270836,0.21530757228794714,0.7107435857674478,0.6766395079060966,-0.21752108228184713,0.7034511746408058,0.18180082738399506
23,0.10161675954141795,0.02463955618441105,0.08656150102615356,-0.1654702126979828,0.2737728216783938,0.9617943866077876,-0.0,-0.6768258993760597,0.19267575965789044,0.7104806496830456,0.6833363007684217,-0.19451029224288424,0.7037167372343199,0.18165169656276703
24,0.10592186676249413,0.021711410954594612,0.08734194189310074,-0.16241230070590973,0.24123790617709656,0.9704660079690016,-0.0,-0.6831845512401898,0.16984396844579144,0.7102196106341513,0.6892439904224585,-0.1713318918223993,0.7039801875841987,0.18154428899288177
25,0.11021880098981338,0.018763186410069466,0.08802240341901779,-0.15936130285263062,0.2084798319032397,0.9780266661444345,-0.0,-0.6887599817338583,0.14683753014466633,0.7099636802703286,0.6943634114166664,-0.1480131087453688,0.7042382924304392,0.18139582872390747
26,0.11450767571663945,0.015798263251781464,0.08860257267951965,-0.1563171148300171,0.17553623732736057,0.9844729703678778,-0.0,-0.693551009412675,0.12368074157206108,0.7097112592504395,0.6986915515989162,-0.12458004405571328,0.7044926744455018,0.1812525987625122
27,0.11878865974066163,0.012819967232644558,0.0890822559595108,-0.1532796025276184,0.1424440740013271,0.9898028519770513,-0.0,-0.697556015229527,0.1004028762165929,0.7094609700783684,0.7022264916436349,-0.10105851093637525,0.704744728111672,0.1811489313840866
28,0.12306194595205558,0.009831596165895462,0.08946138620376587,-0.15024861693382263,0.10923996694044937,0.9940154071355481,-0.0,-0.700772384023018,0.07703064810300746,0.7092138923086084,0.7049695360148109,-0.0774745021610921,0.704993372171649,0.1810157746076584
29,0.1273276070658881,0.006836524698883295,0.08973997086286545,-0.1472240835428238,0.075961383922285,0.9971107602230613,-0.0,-0.7031980743228633,0.05358757071243247,0.7089716782310539,0.7069232891578756,-0.053854469847776025,0.7052369526078633,0.18088090419769287
30,0.1315858374442502,0.003838028060272336,0.08991812914609909,-0.14420583844184875,0.04264474850644735,0.9990902989343966,-0.0,-0.7048326979792249,0.030100737830712137,0.7087346565826831,0.7080899200003394,-0.030223811191612507,0.7054751494070977,0.1807602345943451
31,0.13583674873361654,0.0008394187898375094,0.0899960845708847,-0.14119377732276917,0.009326876282291235,0.9999565037434454,-0.0,-0.7056811711675938,0.0065978912271379645,0.7084988020391342,0.7084679850819394,-0.006608080673595714,0.7057120144816497,0.1806558221578598
32,0.14008054243173385,-0.0021561114117503166,0.08997417241334915,-0.13818776607513428,-0.023956792218973906,0.9997129948673155,0.0,-0.7057411599444877,-0.016895621844449177,0.7082682776481651,0.7080650011138006,0.016967835965223412,0.7059433736075232,0.18052704632282257
33,0.14431732162644015,-0.00514525780454278,0.08985280990600586,-0.13518767058849335,-0.05716952147817135,0.9983644854530619,0.0,-0.705014141753489,-0.04035634358929733,0.7080440844041379,0.7068860680835439,0.04047854149537679,0.7061682337997047,0.18039570748806
34,0.14854723599767494,-0.008124839514493942,0.08963251113891602,-0.13219338655471802,-0.09027599766176023,0.9959167858040018,0.0,-0.7035098302563763,-0.06375660952737194,0.7078199018636161,0.7049297216589887,0.06389914781164886,0.7063929405300748,0.18030405044555664
35,0.15277048407759386,-0.011091732420027256,0.08931390196084976,-0.12920476496219635,-0.12324147270323849,0.992376712446406,0.0,-0.70122653641892,-0.08706923623375158,0.7076017896554505,0.7022075378154286,0.08720588665401814,0.7066114258686171,0.1801968812942505
36,0.156987144760022,-0.014042722061276436,0.088897705078125,-0.1262217015028,-0.1560302461639342,0.987752277791361,0.0,-0.6981719283828706,-0.11027215654310496,0.7073867470552985,0.6987228707553748,0.11037372828752937,0.7068267043535342,0.18007303774356842
37,0.1611974102844454,-0.01697477325797081,0.088384710252285,-0.12324407696723938,-0.18860857853848298,0.9820523428523007,0.0,-0.6943483332317274,-0.13333855530295494,0.7071783521913289,0.6944861576580591,0.13337990379423129,0.7070352028613478,0.1799841672182083
38,0.1654014229682919,-0.019884763285517693,0.0877758339047432,-0.1202717125415802,-0.22094179144157214,0.9752869961168297,0.0,-0.6897638254984648,-0.15624451077915547,0.7069749061212186,0.6895034325925845,0.15620030227888948,0.707238631588396,0.17986337840557098
39,0.1695992905866436,-0.022769691422581673,0.08707205206155777,-0.11730456352233887,-0.2529965331295382,0.9674671850892073,0.0,-0.6844298763671359,-0.17896804015062798,0.7067716639344775,0.6837783922624728,0.17881078070399242,0.707441739635835,0.17975389957427979
40,0.17379122223295645,-0.02562660165131092,0.08627443015575409,-0.11434244364500046,-0.2847399931427242,0.9586047862936433,0.0,-0.6783496922702603,-0.2014809305845692,0.7065742208767731,0.6773254300588195,0.20118993882350894,0.7076389406412199,0.17968600988388062
41,0.17797732365945218,-0.028452541679143906,0.08538415282964706,-0.11138526350259781,-0.3161393143287383,0.9487127773650754,0.0,-0.6715354852337304,-0.22376175001210077,0.7063786316865909,0.6701504335965507,0.2233140562971397,0.707834181578195,0.17956386506557465
42,0.18215774512665614,-0.031244637444615364,0.08440244942903519,-0.10843291133642197,-0.3471626611986524,0.9378049299664988,0.0,-0.663990314191209,-0.24578779766153083,0.7061906408194276,0.6622690645014956,0.24516302219705163,0.7080217360727861,0.17946340143680573
43,0.1863327153975647,-0.03400006517767906,0.08333063870668411,-0.10548516362905502,-0.377778462844582,0.9258960163057106,0.0,-0.6557274954471027,-0.2675328212934202,0.706008244459973,0.6536902210727413,0.2667147093673829,0.7082036138575849,0.17940311133861542
44,0.1905021864033346,-0.03671594709157944,0.08217018842697144,-0.10254206508398056,-0.4079549535237963,0.913002056895491,0.0,-0.6467589603687398,-0.2889769316212741,0.7058294271093409,0.644423718814505,0.2879466111528119,0.708381831892162,0.17928527295589447
45,0.19466652862293496,-0.03938966989517212,0.08092252165079117,-0.0996033102273941,-0.437662984225041,0.8991390950454949,0.0,-0.6370969913367299,-0.3100993279938796,0.7056527690071308,0.6344799921822244,0.30883809673018664,0.7085578095882653,0.1792040914297104
46,0.19882572018482683,-0.04201848804950714,0.07958924025297165,-0.09666893631219864,-0.4668720733147722,0.8843248651704676,0.0,-0.6267502200588504,-0.33087455659872084,0.7054829476690295,0.623876112619287,0.3293702864885292,0.7087268941429491,0.1791338473558426
47,0.20298006689984713,-0.044599831104278564,0.07817196846008301,-0.09373864531517029,-0.49555360891896094,0.8685773544638344,0.0,-0.615733548481095,-0.3512848527679325,0.7053163471029796,0.612621806863288,0.3495220612572369,0.7088926931842735,0.1790170818567276
48,0.20712956920793654,-0.04713110253214836,0.07667241990566254,-0.09081248939037323,-0.5236788346837752,0.8519157693717397,0.0,-0.6040599959692005,-0.37130841720292007,0.7051535865213704,0.6007314602162653,0.36927400848083447,0.7090545954769141,0.17896443605422974
49,0.2112743988737968,-0.04960976913571358,0.07509241998195648,-0.08789025992155075,-0.5512196126301208,0.8343601971881804,0.0,-0.5917398128285533,-0.3909207744893548,0.7049999588555107,0.5882239047169128,0.38860980424346037,0.7092073448332636,0.17888043820858002
50,0.21541479029941707,-0.05203346908092499,0.0734337717294693,-0.08497180044651031,-0.5781495703361147,0.8159308024092276,0.0,-0.5787937519650245,-0.41010787222226425,0.7048470229968888,0.5751063970767394,0.4075070035175664,0.7093593406204967,0.178803950548172
51,0.21955082466193446,-0.05439979210495949,0.07169841974973679,-0.08205703645944595,-0.604442129586111,0.7966490519553807,0.0,-0.5652329522272399,-0.42884743163221867,0.7046996453092113,0.5613983043753391,0.42595015434935496,0.7095057504025284,0.17873449623584747
52,0.22368267912108702,-0.05670643970370293,0.06988834589719772,-0.07914581149816513,-0.6300715143158053,0.7765371123441479,0.0,-0.5510736482475993,-0.4471222578659472,0.7045562580290794,0.5471140821149929,0.4439208284341741,0.7096481376244043,0.17864461243152618
53,0.22781044429997016,-0.05895114690065384,0.06800560653209686,-0.07623805850744247,-0.6550127208772465,0.7556178501656683,0.0,-0.5363329425401059,-0.4649135872637442,0.7044163052654505,0.5322695342229099,0.46140164075659845,0.7097870588037271,0.17859844863414764
54,0.2319343342878699,-0.06113177910447121,0.06605229526758194,-0.07333359867334366,-0.6792420063725007,0.7339143661075587,0.0,-0.5210226551934676,-0.48219845621961493,0.7042869028986476,0.5168862759156705,0.4783812490024427,0.7099154586096096,0.17852236330509186
55,0.23605449542541163,-0.06324619799852371,0.06403060257434845,-0.07043226808309555,-0.7027355681264086,0.7114511376686761,0.0,-0.5051656822235442,-0.49896548803557367,0.7041598364384631,0.5009753167521086,0.4948381627285446,0.7100414950638891,0.17848405241966248
56,0.24017106868877575,-0.06529241800308228,0.06194272264838219,-0.06753400713205338,-0.7254712356481212,0.6882524872800593,0.0,-0.4887801040620972,-0.5151991770263494,0.7040339607323055,0.4845531246223645,0.5107563874504427,0.7101663059433871,0.178385928273201
57,0.24428410804636583,-0.06726840138435364,0.059790994971990585,-0.06463872641324997,-0.7474266259745426,0.6643443676169094,0.0,-0.471877725875643,-0.5308799169469605,0.7039161353491052,0.4676427198049525,0.5261256620255231,0.7102830945275495,0.17833468317985535
58,0.24839391328317637,-0.06917233765125275,0.057577669620513916,-0.06174619868397713,-0.7685815461071049,0.6397518323409571,0.0,-0.45448261658808337,-0.545992400136802,0.7038024227097429,0.45025888954660515,0.5409295542146476,0.7103957698082111,0.1782957762479782
59,0.2525004248742775,-0.07100232690572739,0.05530524626374245,-0.05885644629597664,-0.7889146836465503,0.6145027436284265,0.0,-0.4366105117773668,-0.5605206981510564,0.7036958206141047,0.4324230124576286,0.5551559657165333,0.7105013666604822,0.17823459208011627
60,0.25660406261537116,-0.07275673747062683,0.05297601595520973,-0.05596913397312164,-0.8084080957543034,0.5886224177848657,0.0,-0.41828296840669216,-0.574454403032953,0.703591854114969,0.4141499383119053,0.5687893509857038,0.7106043222507917,0.17817452549934387
61,0.26070476044927293,-0.074433833360672,0.05059254169464111,-0.053084325045347214,-0.8270425558866193,0.5621393161419402,0.0,-0.39951805803412804,-0.5877769217463097,0.7034938603620302,0.3954615575808927,0.58181936033455,0.7107013355943477,0.1781361848115921
62,0.26480274586180785,-0.07603204250335693,0.04815733805298805,-0.050201792269945145,-0.8448004487095118,0.5350814908592968,0.0,-0.38033763727341857,-0.6004760572936896,0.7034001608546155,0.3763764067470497,0.5942327715222574,0.7107940726350749,0.17809322476387024
63,0.26889819046624164,-0.07754989713430405,0.045672908425331116,-0.04732144623994827,-0.8616654611086078,0.5074767316168204,0.0,-0.36076198481218347,-0.6125415900329335,0.7033090293706596,0.35691296754709373,0.6060170991038096,0.7108842445789122,0.17803366482257843
64,0.27299115621695746,-0.07898591458797455,0.0431419275701046,-0.04444319009780884,-0.877621224098813,0.47935476112301323,0.0,-0.34080753947483194,-0.6239539062048371,0.7032295101663724,0.3370964138641062,0.6171691435413051,0.7109629076263059,0.17800728976726532
65,0.27708185772440963,-0.08033876866102219,0.04056701436638832,-0.04156683012843132,-0.8926529773735571,0.45074456401172913,0.0,-0.3205017264484909,-0.6347090829734895,0.703152204956003,0.31694203406098503,0.6276709093090862,0.7110393636447918,0.17797617614269257
66,0.281170413562694,-0.08160720765590668,0.037950821220874786,-0.038692306727170944,-0.9067466819128154,0.42167576980435995,0.0,-0.29986323362918366,-0.6447980668061557,0.7030771608866939,0.29647060305146444,0.6375128827685067,0.7111135674633758,0.17791108787059784
67,0.2852570016015654,-0.08279003202915192,0.03529604524374008,-0.03581945225596428,-0.9198892323455397,0.39217827606170846,0.0,-0.2789129999083164,-0.6542058193284872,0.7030094483283181,0.27570503350243625,0.6466908217589571,0.7111805084183238,0.17790882289409637
68,0.28934171299129063,-0.08388613909482956,0.03260546177625656,-0.03294818475842476,-0.932068179476155,0.36228291266357865,0.0,-0.25767443616037883,-0.6629252103235552,0.7029466910562285,0.25466557468478707,0.6551942426059703,0.7112425391710314,0.17786261439323425
69,0.2934248169245579,-0.08489453047513962,0.029881751164793968,-0.03007829189300537,-0.9432725395989136,0.3320194512955768,0.0,-0.23616900956568596,-0.6709478301070974,0.7028891862842539,0.23337288195356978,0.6630160678082955,0.7112993686182429,0.17784243822097778
70,0.29750628170471694,-0.0858142301440239,0.0271278228610754,-0.027209775522351265,-0.9534913848223874,0.3014202698384533,0.0,-0.2144183533775638,-0.6782653261715775,0.7028377601183774,0.2118495473085765,0.6701497492040298,0.7113501830652236,0.17780515551567078
71,0.301586447347839,-0.08664441853761673,0.0243463646620512,-0.02434236742556095,-0.9627157171774009,0.2705151528096027,0.0,-0.1924468635003938,-0.6848726413582703,0.7027899187152636,0.19011532225527691,0.6765869006244613,0.7113974487915722,0.17779213190078735
72,0.3056652310944938,-0.08738429099321365,0.02154034934937954,-0.021476125344634056,-0.9709365058518812,0.23933721316197346,0.0,-0.17027558410069835,-0.6907610306835349,0.7027484784388982,0.16819386238370634,0.6823241521495013,0.7114383852800712,0.17776110768318176
73,0.30974306038296484,-0.08803319931030273,0.018712464720010757,-0.018610697239637375,-0.9781466288314264,0.20791626320640624,0.0,-0.1479290109708458,-0.6959258338024333,0.7027120616294951,0.1461052659643564,0.6873554341233987,0.7114743554328005,0.17775408923625946
74,0.3138198594630078,-0.08859051764011383,0.015865705907344818,-0.01574614644050598,-0.9843390593622283,0.17628560977539715,0.0,-0.12543092920294466,-0.7003659746821496,0.7026767275972704,0.12387179539974379,0.6916721490803801,0.7115092525687718,0.17773859202861786
75,0.31789581210465534,-0.08905573934316635,0.013002930209040642,-0.012882324866950512,-0.9895081594602058,0.14447699596017327,0.0,-0.10280152940108192,-0.7040660829964852,0.7026541085959612,0.10151735480914771,0.6952819737348307,0.7115315900730985,0.17771226167678833
76,0.32197112245691656,-0.08942842483520508,0.010127055458724499,-0.010019004344940186,-0.9936491382925916,0.11252284199392636,0.0,-0.08006575053830718,-0.7070311392034648,0.7026353562036204,0.07906252716544662,0.6981730162256398,0.7115501080125036,0.17771147191524506
77,0.3260459865101606,-0.08970824629068375,0.0072408816777169704,-0.007156100589782,-0.9967583033771796,0.0804542394696913,0.0,-0.05725039627074264,-0.7092620701613116,0.7026163305512715,0.05652846251356636,0.7003386615663585,0.7115688947960653,0.17772486805915833
78,0.330120389265179,-0.08989494293928146,0.004347469191998243,-0.004293572623282671,-0.9988326218809905,0.04830521158577356,0.0,-0.034373907787552976,-0.7107481235377792,0.7026062477312158,0.03393954345815787,0.7017860405716464,0.7115788506192574,0.17767752707004547
79,0.3341946271027957,-0.0899883285164833,0.0014496312942355871,-0.0014311909908428788,-0.9998702736658598,0.016107012117666172,0.0,-0.011461374269083656,-0.7114927718543438,0.7025999377304889,0.011316785710896586,0.7025087920162064,0.7115850809995276,0.17770236730575562
80,0.3382687762981948,-0.0899883285164833,-0.00144966843072325,0.001431107521057129,-0.9998702669617396,-0.016107428281991073,0.0,0.0114613958203227,-0.7114914686731072,0.7026012570521313,-0.011317099358804834,0.7025101064564214,0.711583778334421,0.17770104110240936
81,0.3423429990649654,-0.08989494293928146,-0.004347485024482012,0.004293489269912243,-0.9988326134331543,-0.0483053862658714,0.0,0.034373910171589916,-0.7107455153821632,0.7026088859839865,-0.03393979363130525,0.7017886698090564,0.7115762456236856,0.17767931520938873
82,0.34641741621138056,-0.08970824629068375,-0.007240897044539452,0.0071560381911695,-0.9967582896349496,-0.0804544097238299,0.0,0.05725050574169465,-0.7092607901211682,0.7026176137765238,-0.056528685378043474,0.7003399309763597,0.7115676277132469,0.17772114276885986
83,0.35049225037315634,-0.08942842483520508,-0.010127049870789051,0.01001892052590847,-0.9936491457899154,-0.11252277578771172,0.0,0.08006741320678391,-0.7070375212119719,0.702628744744196,-0.07906173670689966,0.6981664520229273,0.7115566365782885,0.1777067333459854
84,0.35456760749997007,-0.08905572444200516,-0.013003009371459484,0.012882220558822155,-0.989508032170655,-0.14447786775059404,0.0,0.10280149540906386,-0.7040674252088722,0.7026527686570441,-0.10151777378464934,0.6952805584132871,0.7115329132923623,0.17772775888442993
85,0.3586435874346476,-0.08859051018953323,-0.015865763649344444,0.01574610359966755,-0.9843389437379804,-0.176286255393883,0.0,0.1254298063486804,-0.7003596271795951,0.7026832546006707,-0.12387339968171085,0.6916784926169516,0.7115028065316658,0.17772574722766876
86,0.36272037351631936,-0.08803319185972214,-0.018712501972913742,0.018610656261444092,-0.9781465414010239,-0.20791667452423118,0.0,0.14792877731882054,-0.6959231635201961,0.7027147553004713,-0.14610611506147272,0.6873580074899865,0.7114716949261153,0.17776094377040863
87,0.3667981264120722,-0.08738429844379425,-0.02154032327234745,0.02147604152560234,-0.9709365750099224,-0.2393369326033937,0.0,0.17027594562427373,-0.6907610464873062,0.7027483753076353,-0.1681936405386792,0.6823241006171381,0.7114384871507579,0.17775973677635193
88,0.3708770137897603,-0.08664440363645554,-0.024346420541405678,0.02434234507381916,-0.9627155532257822,-0.27051573628381764,0.0,0.19244789899179374,-0.6848750647130802,0.7027872735813436,-0.19011501676466935,0.6765842388891601,0.7114000619112606,0.17778581380844116
89,0.3749571093635765,-0.0858142226934433,-0.027127839624881744,0.0272096935659647,-0.9534913451461032,-0.3014203953475522,0.0,0.2144189775433419,-0.6782677175016903,0.7028352619670666,-0.21184888252721415,0.6701473393519408,0.7113526513140197,0.17782209813594818
90,0.37903858540268254,-0.08489452302455902,-0.029881786555051804,0.030078208073973656,-0.9432724051203139,-0.33201983335116964,0.0,0.2361677281619609,-0.6709469535815118,0.7028904535235251,-0.23337357124392707,0.6630171686338524,0.7112981163630375,0.17783275246620178
91,0.3831216582539996,-0.08388614654541016,-0.03260545805096626,0.032948099076747894,-0.932068209666414,-0.3622828349911787,0.0,0.25767352165392066,-0.6629226543502712,0.7029494367219147,-0.2546665147929056,0.6551968229761383,0.7112398255196412,0.1778625100851059
92,0.38720642960413704,-0.08279002457857132,-0.03529607877135277,0.035819411277770996,-0.9198890527380655,-0.39217869734684,0.0,0.2789154524247963,-0.6542075683303542,0.7030068477176847,-0.2757043097672754,0.6466883032234761,0.7111830791362317,0.17788293957710266
93,0.391292993148668,-0.08160718530416489,-0.03795085474848747,0.03869222477078438,-0.9067465239759751,-0.4216761094222512,0.0,0.2998647195187959,-0.6447990113923309,0.7030756608611813,-0.29647020930505846,0.6375114115858094,0.7111150505315463,0.17794515192508698
94,0.39538153244530205,-0.08033876121044159,-0.040567029267549515,0.041566748172044754,-0.892652881325101,-0.4507447542257093,0.0,0.3205009997890104,-0.6347094776224765,0.7031521799372079,-0.31694215653182867,0.6276708194364409,0.7110393883892373,0.17797024548053741
95,0.3994722455218969,-0.07898589968681335,-0.043141961097717285,0.04444310441613197,-0.8776210439387367,-0.4793550909668966,0.0,0.34080829377900157,-0.6239537392764275,0.7032292927164011,-0.33709654158509095,0.6171688260101856,0.7109631227093148,0.17799082398414612
96,0.4035652919195832,-0.07754985243082047,-0.045672979205846786,0.04732142761349678,-0.8616649887664531,-0.5074775336249953,0.0,0.3607605609233452,-0.6125379653942754,0.7033129165833049,-0.35691550427967383,0.6060201163761834,0.7108803987677416,0.17805036902427673
97,0.40766066821923885,-0.07603203505277634,-0.04815734922885895,0.05020174756646156,-0.8448003606914056,-0.5350816298245257,0.0,0.38033857606823707,-0.6004766172956166,0.7033991751740966,-0.3763759770765217,0.5942318769083853,0.710795048059306,0.17808717489242554
98,0.411758701773202,-0.07443378865718842,-0.05059260502457619,0.05308428406715393,-0.8270420449627094,-0.5621400678335425,0.0,0.39951800587003206,-0.5877755775451726,0.7034950130790352,-0.39546273437989177,0.5818199542483755,0.7107001945653296,0.17812985181808472
99,0.4158593702087116,-0.07275672256946564,-0.05297602713108063,0.05596911162137985,-0.8084080183773047,-0.5886225240536413,0.0,0.41828351946185344,-0.5744544827070495,0.7035914614635267,-0.41414978195912033,0.5687889791224753,0.7106047110257753,0.17818932235240936
100,0.4199629197306721,-0.07100232690572739,-0.05530524253845215,0.05885631963610649,-0.7889147350498189,-0.6145026776355609,0.0,0.4366115300638233,-0.5605231270257698,0.7036932541133103,-0.4324213888953112,0.5551539771361891,0.7105039085717416,0.17823411524295807
101,0.42406951750842814,-0.06917231529951096,-0.057577699422836304,0.061746153980493546,-0.7685812775929205,-0.639752154926917,0.0,0.45448230452655725,-0.5459912627849738,0.7038035065518639,-0.4502598099743502,0.540930198255236,0.710394696022861,0.17827622592449188
102,0.4281793084592334,-0.06726837158203125,-0.059791021049022675,0.0646386593580246,-0.7474263464578608,-0.6643446820895416,0.0,0.4718785485123599,-0.5308793671979016,0.70391599849515,-0.4676428502514196,0.5261253629835618,0.7102832301512854,0.17834940552711487
103,0.43229236355085554,-0.06529238820075989,-0.061942748725414276,0.0675339624285698,-0.7254709754328434,-0.6882527615669397,0.0,0.4887792114843278,-0.5151988805756593,0.7040347973462293,-0.4845538935285766,0.5107568111861019,0.7101654765569089,0.1783961057662964
104,0.4364088900289509,-0.06324619054794312,-0.06403061002492905,0.07043218612670898,-0.7027354180173295,-0.7114512859388259,0.0,0.5051669442641923,-0.4989675546119734,0.7041574666701517,-0.5009737351803559,0.49483639170474636,0.7100438451983577,0.17847725749015808
105,0.4405290409945723,-0.06113176792860031,-0.06605231016874313,0.0733334943652153,-0.679241882736276,-0.7339144805335832,0.0,0.5210206983678615,-0.48219729886064316,0.7042891429262312,-0.5168880004906851,0.478382683445386,0.70991323633831,0.1785164475440979
106,0.4446529148802623,-0.05895116925239563,-0.06800559163093567,0.07623797655105591,-0.6550129750070139,-0.7556176298713927,0.0,0.5363319817063866,-0.4649120909416214,0.7044180243968703,-0.5322706780532944,0.4614029458259579,0.7097853526720698,0.17859575152397156
107,0.448780739132186,-0.05670641362667084,-0.06988836824893951,0.07914575189352036,-0.6300711887898278,-0.7765373764713283,0.0,0.5510750418682798,-0.4471228425393115,0.7045547969529692,-0.5471131336278537,0.4439196785013446,0.7096495882132063,0.17864347994327545
108,0.4529125408203611,-0.054399799555540085,-0.07169841229915619,0.08205694705247879,-0.6044422052422453,-0.7966489945527399,0.0,0.5652325069167534,-0.4288466806914181,0.7047004594751979,-0.5613989125304382,0.42595069978216343,0.7095049417479251,0.178741455078125
109,0.4570486078433938,-0.05203345790505409,-0.0734337791800499,0.08497173339128494,-0.578149502537431,-0.8159308504497921,0.0,0.578794019118784,-0.4101079695588119,0.704846746985948,-0.5751062057322367,0.4075067961543417,0.7093596148754833,0.1787988245487213
110,0.46118900144972347,-0.04960975423455238,-0.07509242743253708,0.08789019286632538,-0.5512194607344391,-0.8343602975379606,0.0,0.5917402769956367,-0.3909199710306397,0.7050000147734261,-0.5882240221240004,0.3886097279832306,0.7092072892413495,0.17887720465660095
111,0.4653339231687584,-0.04713103175163269,-0.07667245715856552,0.09081248939037323,-0.5236781726979318,-0.8519161762989097,0.0,0.6040589530043721,-0.37130723666482623,0.7051551015880071,-0.6007330378716512,0.3692743350861366,0.7090530887431412,0.17897427082061768
112,0.4694833789123953,-0.04459979757666588,-0.0781719833612442,0.0937386229634285,-0.4955532621486507,-0.8685775523082729,0.0,0.6157348071337627,-0.35128584441557975,0.7053147544161976,-0.61262056303082,0.3495210274113993,0.7088942778363224,0.17902031540870667
113,0.47363766421426545,-0.04201847314834595,-0.07958924770355225,0.09666884690523148,-0.4668719321743843,-0.8843249396843657,0.0,0.626751411160859,-0.33087547994759936,0.7054814564376003,-0.6238748464517732,0.32936949070089205,0.7087283785486592,0.1791270673274994
114,0.4777968715456867,-0.039389654994010925,-0.08092252910137177,0.09960324317216873,-0.4376628403008278,-0.8991391651017167,0.0,0.6370948443291925,-0.31009819569239244,0.7056552050098438,-0.6344822319227856,0.3088390613174111,0.7085553835649411,0.17920269072055817
115,0.4819611796505095,-0.03671596199274063,-0.08217018097639084,0.102541983127594,-0.407955124778774,-0.9130019803739392,0.0,0.6467577771511023,-0.2889769355868047,0.7058305096787931,-0.6444246531887055,0.2879471736681685,0.7083807532246554,0.17930133640766144
116,0.4861307349956979,-0.03400002792477608,-0.0833306610584259,0.10548514127731323,-0.3777780890096393,-0.9258961688354829,0.0,0.6557308475036332,-0.2675343172015945,0.7060045642569484,-0.6536869212709759,0.26671305513547566,0.70820728263664,0.17938043177127838
117,0.4903056859970649,-0.031244581565260887,-0.08440247178077698,0.1084328442811966,-0.34716197393015635,-0.937805184383685,0.0,0.6639901329752897,-0.24578606823771249,0.706191413125155,-0.6622699684492198,0.24516280497275247,0.7080209657546601,0.17945733666419983
118,0.49448603345416375,-0.028452567756175995,-0.08538413792848587,0.11138518154621124,-0.31613962726698563,-0.9487126730846867,0.0,0.6715320712245438,-0.22376076102270037,0.7063821905621744,-0.6701537362862975,0.22331540245190337,0.7078306300021638,0.1795983463525772
119,0.49867214559435663,-0.025626616552472115,-0.08627443015575409,0.11434236168861389,-0.28474018999753414,-0.9586047278206843,0.0,0.6783494878546505,-0.2014819213582427,0.7065741346052262,-0.6773253060358514,0.20119005334893655,0.7076390267904197,0.17966164648532867
120,0.5028640993821651,-0.02276969701051712,-0.08707205206155777,0.11730450391769409,-0.25299658891905236,-0.9674671705000248,0.0,0.6844336457176706,-0.1789686392407839,0.7067678620154714,-0.6837747037230837,0.1788098582628561,0.7074455379295472,0.1797587126493454
121,0.5070619584138557,-0.019884737208485603,-0.08777584135532379,0.12027160823345184,-0.22094151062654643,-0.9752870597327025,0.0,0.689767584298514,-0.15624543689053572,0.7069710341321475,-0.6894997012638525,0.15619924826598205,0.7072425021152224,0.1798638552427292
122,0.5112660257017962,-0.016974715515971184,-0.0883847251534462,0.1232440173625946,-0.18860795287278082,-0.9820524630146491,0.0,0.6943440514429595,-0.13333772270942623,0.7071827132562284,-0.6944905254243956,0.13338028386766881,0.7070308408910654,0.1799800992012024
123,0.5154762899926489,-0.014042695052921772,-0.0888977125287056,0.1262216717004776,-0.15602994085782046,-0.9877523260189798,0.0,0.6981699241307747,-0.11027132363754606,0.7073888550312704,-0.6987249870320783,0.11037384122586381,0.7068245946980551,0.18007580935955048
124,0.5196929479546637,-0.011091694235801697,-0.08931390941143036,0.12920472025871277,-0.123241047180667,-0.9923767652911936,0.0,0.7012292042160124,-0.08706869800247555,0.7075992121128541,-0.7022050173210034,0.08720526789516808,0.7066140070084526,0.18018709123134613
125,0.5239161658771443,-0.008124813437461853,-0.08963251113891602,0.13219331204891205,-0.09027570945721834,-0.9959168119285846,0.0,0.7035065301452837,-0.0637555495642278,0.7078232773388471,-0.7049331018484999,0.06389924853865633,0.7063895582144796,0.18031488358974457
126,0.5281461333181031,-0.005145231261849403,-0.08985280990600586,0.13518767058849335,-0.05716922845322577,-0.9983645022325578,0.0,0.7050148298431947,-0.040356304781358744,0.7080434014702526,-0.706885398145856,0.04047829497791615,0.7061689185484273,0.1803976148366928
127,0.5323828673114128,-0.002156074158847332,-0.08997417241334915,0.1381876915693283,-0.023956380810647753,-0.999713004726084,0.0,0.7057445315222608,-0.016895792152370574,0.7082649140215606,-0.7080616454307992,0.016967463997331643,0.7059467482999894,0.18052372336387634
128,0.5366266201327525,0.0008394130854867399,-0.0899960845708847,0.141193687915802,0.009326812957864257,-0.999956504334088,0.0,0.7056789318123705,0.006597846671582427,0.70850103289653,-0.7084702162610083,-0.006608056615106923,0.7057097748074996,0.1806603968143463
129,0.5408776296268392,0.0038380867335945368,-0.08991812914609909,0.14420582354068756,0.042645407862670105,-0.9990902707904961,0.0,0.7048325534701055,0.030100518137944128,0.7087348096267305,-0.7080900529511,-0.030224285026524328,0.7054749956634494,0.18075650930404663
130,0.545135823469828,0.006836561486124992,-0.08973997086286545,0.1472240388393402,0.07596179133971764,-0.9971107291853103,0.0,0.7031974741716814,0.05358761510311203,0.7089722701390571,-0.7069238573484625,-0.05385480365741043,0.7052363575671581,0.18088476359844208
131,0.549401513888713,0.009831644594669342,-0.08946138620376587,0.15024860203266144,0.10924048225731542,-0.9940153505032954,0.0,0.700770038988063,0.07703022117157529,0.7092162557943289,-0.7049718451851095,-0.07747512581858822,0.7049909945351756,0.18101175129413605
132,0.5536747214901161,0.01281994953751564,-0.0890822634100914,0.15327954292297363,0.14244386961797226,-0.9898028813901574,0.0,0.6975580686485043,0.10040442867491647,0.7094587314043236,-0.7022242966816816,-0.10105804705135951,0.7047469817431522,0.18113641440868378
133,0.5579557270635712,0.015798289328813553,-0.08860256522893906,0.15631704032421112,0.17553654060960305,-0.9844729162911557,0.0,0.6935529214593815,0.12368127885167299,0.7097092971046467,-0.6986895815403846,-0.12457991487020059,0.7044946511208271,0.1812737137079239
134,0.5622446036332909,0.01876320131123066,-0.08802240341901779,0.15936124324798584,0.20848000084504903,-0.9780266301321495,0.0,0.6887600278139526,0.1468376784669396,0.7099636048898301,-0.6943633121252941,-0.14801321297262887,0.7042383684235832,0.181379035115242
135,0.566541578916908,0.02171146683394909,-0.08734192699193954,0.16241225600242615,0.2412385095582668,-0.9704658579806432,0.0,0.6831843556007313,0.16984482853024954,0.7102195931428137,-0.6892438669285527,-0.17133231613732552,0.703980205224831,0.18154579401016235
136,0.5708466450646377,0.024639569222927094,-0.08656149357557297,0.165470153093338,0.27377298708992454,-0.9617943395237155,0.0,0.6768230870925286,0.1926760098845784,0.7104832608819841,-0.6833387787636266,-0.1945111246434885,0.7037141009158199,0.1816522777080536
137,0.5751601037765376,0.02754427306354046,-0.08568146079778671,0.16853514313697815,0.3060474845200815,-0.9520162484006932,0.0,0.669689160223965,0.21530679771898115,0.7107456728918708,-0.6766414291942295,-0.21752192536088652,0.7034490658784638,0.18182013928890228
138,0.5794820759438273,0.030422216281294823,-0.08470235764980316,0.17160731554031372,0.33802462832449104,-0.9411372645082595,0.0,0.6617832304967326,0.2377091242668691,0.7110114823781587,-0.6691594016663592,-0.24033939210375918,0.7031803977392399,0.18193823099136353
139,0.5838126171370331,0.03326995670795441,-0.08362482488155365,0.1746867448091507,0.3696662083168418,-0.9291646218128676,0.0,0.6531068872449405,0.2598572509768225,0.7112844739961596,-0.6609003693965462,-0.26293783458236913,0.702904258684384,0.18207454681396484
140,0.5881518441833145,0.03608410060405731,-0.08244961500167847,0.17777355015277863,0.40093440364338184,-0.9161067645068044,0.0,0.6436731717175883,0.2817259387921193,0.7115583907331283,-0.6518634552267597,-0.28528823910492374,0.702626968147567,0.18222390115261078
141,0.5925000969601145,0.038861457258462906,-0.08117751032114029,0.18086795508861542,0.4317939480649299,-0.9019722758569139,0.0,0.6334902036049607,0.30328854860735205,0.7118329988278089,-0.6420536301193503,-0.30736518099214194,0.7023487606340829,0.18236467242240906
142,0.596857369959817,0.041598573327064514,-0.0798095166683197,0.18396998941898346,0.46220633885375767,-0.8867724061580881,0.0,0.6225612627525788,0.32451721464199,0.7121137911323717,-0.6314828601620404,-0.3291435083201748,0.7020640627836294,0.18252316117286682
143,0.6012239343561903,0.04429219290614128,-0.07834667712450027,0.18707987666130066,0.492135464126371,-0.8705186298690691,0.0,0.610894476170819,0.3453841365873899,0.7124027913882454,-0.6201599020043644,-0.35059867845836545,0.7017708048994237,0.18266800045967102
144,0.6055998226080574,0.046938907355070114,-0.0767902284860611,0.19019769132137299,0.5215434050604739,-0.853224751538495,0.0,0.5985116396391353,0.36587232558043764,0.712685946676961,-0.6080812899193045,-0.37169665545476244,0.7014832436871307,0.18281763792037964
145,0.6099852675621491,0.04953557625412941,-0.07514137774705887,0.1933235079050064,0.5503952655854666,-0.8349042170339682,0.0,0.5854126507204113,0.3859469392268589,0.7129775511738928,-0.595267964249204,-0.39241946871629096,0.7011868590547261,0.18298016488552094
146,0.6143803361245684,0.05207876116037369,-0.07340165972709656,0.19645754992961884,0.5786528285124171,-0.8155739721537093,0.0,0.5716102762168052,0.4055853814496366,0.7132756763536106,-0.5817290767323336,-0.41273898772193773,0.7008835918313517,0.183121919631958
147,0.6187851784854466,0.05456533282995224,-0.07157251983880997,0.19959981739521027,0.6062814057038519,-0.795250185223343,0.0,0.557129280006202,0.42477200664906384,0.7135654894451515,-0.5674630877989548,-0.4326214881159389,0.7005885325967206,0.18327361345291138
148,0.6232001275346527,0.056992169469594955,-0.06965553015470505,0.20275059342384338,0.6332462714876603,-0.7739503599372354,0.0,0.5419723259685679,0.4434706460833534,0.713862580576005,-0.5524942013200395,-0.4520508176168308,0.7002858100802033,0.18345390260219574
149,0.6276250784661768,0.0593559667468071,-0.06765256822109222,0.2059098333120346,0.659510727435346,-0.7516951512399829,0.0,0.5261521501635943,0.46165670387732666,0.7141687494166549,-0.5368371862349404,-0.4710019515545836,0.6999735688632291,0.18359489738941193
150,0.6320602572368079,0.061653606593608856,-0.06556548923254013,0.20907776057720184,0.685040102799193,-0.7285053586329143,0.0,0.5096895940919665,0.4793124167928751,0.7144761191128363,-0.5204996815370124,-0.4894447942238546,0.6996598280071805,0.18376164138317108
