index,s_m,x_m,y_m,z_m,nx,ny,nz,tx,ty,tz,bx,by,bz,local_radius_m
0,0.0,-0.25200003385543823,-0.09099999815225601,0.0025558159686625004,-0.02860023539553412,-0.030351268923221254,0.9991300350855591,0.9994395498641735,0.015537883346877291,0.02965063824603197,-0.016424303087841846,0.9994182495655831,0.02988987626847074,2.324355125427246
1,0.005247285314408964,-0.2467556893825531,-0.09091846644878387,0.0027114013209939003,-0.02970719942809905,-0.0321671856020121,0.9990409173164956,0.9994062760645501,0.01650021221798343,0.03024629497227342,-0.01745732533439804,0.9993462955327131,0.03165791207916487,2.3026680946350098
2,0.01046184145923575,-0.24154441058635712,-0.09082737565040588,0.002872247714549303,-0.03080195367066769,-0.034038036976379644,0.998945770144138,0.9993353615614007,0.018450550635893313,0.03143902533758069,-0.019501222221625585,0.9992502157956726,0.033447100982964814,2.2571768760681152
3,0.015643872904282128,-0.23636601865291595,-0.09072664380073547,0.0030382596887648106,-0.03188050788593197,-0.035961809597476954,0.9988445231703531,0.999258617813404,0.020440011171920538,0.032625460440231194,-0.02158966380918294,0.9991441138912277,0.035283510215395386,2.214792490005493
4,0.02079350950693542,-0.23122040927410126,-0.09061619639396667,0.0032093229237943888,-0.032938835702081976,-0.0379362420727421,0.998737139912194,0.9991759057398871,0.02247058837677943,0.033802101219860645,-0.02372453586227788,0.9990274882374574,0.03716482401514303,2.171212911605835
5,0.02591095613382159,-0.2261074036359787,-0.09049593657255173,0.0033853084314614534,-0.03397287665113455,-0.0399588560590509,0.9986236195256443,0.999087193155253,0.02454005129435332,0.03496521636754238,-0.02590344489518941,0.9988999380475386,0.03908868520665941,2.1371994018554688
6,0.030996297081202454,-0.2210269421339035,-0.09036581963300705,0.003566065337508917,-0.034978546863864465,-0.04202688937414385,0.9985040019092692,0.9989924754695967,0.026646030067928952,0.03611125914097133,-0.028123811551392923,0.9987611040213057,0.04105250684141477,2.101576089859009
7,0.036049736252958466,-0.21597884595394135,-0.09022577852010727,0.003751432290300727,-0.03595182395596647,-0.04413740454731209,0.9983783630838892,0.9988915636051899,0.028793343599455734,0.03723691075723394,-0.03039019184532601,0.9986104590505517,0.04305330782240552,2.0635673999786377
8,0.041071403540945156,-0.21096301078796387,-0.09007572382688522,0.003941230941563845,-0.03688872192313502,-0.04628725766251089,0.9982468191649607,0.9987842881189735,0.030985638016965075,0.03833844080497799,-0.03270589587892741,0.9984474947522223,0.04508796511008176,2.0261001586914062
9,0.046061473601021946,-0.20597928762435913,-0.08991555869579315,0.004135266412049532,-0.03778528316889892,-0.048473059834877215,0.9981095304855527,0.9986706749767128,0.03321977630799235,0.039412300156216315,-0.03506741011830088,0.9982719234607089,0.047153404730213865,1.995827317237854
10,0.051020089826893045,-0.20102755725383759,-0.08974523097276688,0.004333331249654293,-0.038637672589496554,-0.05069127689895104,0.9979666951873799,0.9985507519249106,0.035493332155384416,0.040455150508966684,-0.03747188662993077,0.9980834867671313,0.04924643291812198,1.9644010066986084
11,0.05594742557143787,-0.1961076706647873,-0.08956467360258102,0.00453520379960537,-0.03944213177126218,-0.05293818377038836,0.9978185541171455,0.9984242869998793,0.037811448228316315,0.04146368907441514,-0.03992397699368655,0.9978816947731752,0.05136340426435297,1.9289112091064453
12,0.06084361052944253,-0.1912195235490799,-0.08937378972768784,0.004740650299936533,-0.04019504210954339,-0.05520989234952734,0.9976653879816447,0.9982912814204643,0.04017259928586808,0.042434416533096195,-0.042421611423167825,0.9976663117963185,0.0535008148628865,1.901573657989502
13,0.06570878698459069,-0.18636299669742584,-0.08917253464460373,0.004949421156197786,-0.040892881980250505,-0.05750235239625905,0.9975075196068678,0.9981516529749931,0.04257715836150886,0.04336430847077078,-0.04496458537817383,0.9974370711427302,0.05565496538478324,1.8671154975891113
14,0.07054314415075208,-0.181537926197052,-0.08896081149578094,0.0051612635143101215,-0.041532340411549545,-0.05981143422955355,0.9973453048144073,0.9980051941072108,0.04502809342416926,0.044250461439545044,-0.047555241127593996,0.9971936197979709,0.05782199992663879,1.836822748184204
15,0.07534681020245224,-0.17674420773983002,-0.08873855322599411,0.005375907756388187,-0.04211022782917031,-0.06213284594476548,0.9971791404592153,0.9978518929831103,0.04752386945258431,0.04508970505866176,-0.050191362992663684,0.9969358307536205,0.0599981369754704,1.8056023120880127
16,0.08011994352445813,-0.17198170721530914,-0.08850568532943726,0.005593078210949898,-0.04262357571361514,-0.06446222206332723,0.9970094546793646,0.9976915930097945,0.05006567868175082,0.04587933146542588,-0.052873438656545785,0.9966634922971963,0.06217943877673011,1.7744519710540771
17,0.08486271744948135,-0.16725027561187744,-0.08826213330030441,0.005812490824609995,-0.043069573300782454,-0.06679510642212741,0.9968367096038073,0.9975240913712214,0.05265517264176566,0.04661673442107315,-0.05560237877977207,0.9963763959110226,0.0643618920277514,1.7416932582855225
18,0.08957524637072285,-0.16254982352256775,-0.08800781518220901,0.0060338531620800495,-0.04344564922747073,-0.06912696906013277,0.996661395716601,0.9973493011693432,0.05529136510693158,0.04729943341769326,-0.058376435592569074,0.9960745011746239,0.06654156503442864,1.712190866470337
19,0.09425771815972973,-0.15788018703460693,-0.08774267137050629,0.006256868597120047,-0.043749436126378556,-0.07145327230052433,0.9964840273261639,0.9971670696890661,0.05797420179170609,0.04792522357105709,-0.061194780136159616,0.9957577590909725,0.06871451152567273,1.6797493696212769
20,0.09891023259654806,-0.15324129164218903,-0.08746662735939026,0.006481233984231949,-0.043978796944133966,-0.0737694229600333,0.99630514284304,0.9969771245630937,0.06070543668061874,0.04849188648960625,-0.06405835725213614,0.9954260513924857,0.07087667511475092,1.6483583450317383
21,0.10353305360004486,-0.14863289892673492,-0.08717960864305496,0.006706646643579006,-0.04413181621373343,-0.07607083902142432,0.9961252984681465,0.9967790935834095,0.0634876048577414,0.048997577740779494,-0.06696889619113257,0.9950792242641605,0.07302399866330186,1.613211989402771
22,0.10812623841593208,-0.14405497908592224,-0.08688152581453323,0.006932795513421297,-0.044206842586501476,-0.078352906314536,0.9959450673308231,0.9965726236889241,0.06632214502603673,0.04944065930910984,-0.06992703254522709,0.9947172043112356,0.07515246879949172,1.5804787874221802
23,0.11268994821458549,-0.13950739800930023,-0.0865723043680191,0.007159369066357613,-0.04420244604083475,-0.0806110403861663,0.9957650344995383,0.9963576505330242,0.06920594521754356,0.0498193674273212,-0.0729288514719158,0.9943402482269031,0.07725835475240095,1.5491039752960205
24,0.11722443390319857,-0.134989932179451,-0.0862518772482872,0.007386061362922192,-0.044117452806098974,-0.08284075951004823,0.9955857868218589,0.9961338262367974,0.07213968510673528,0.05013248507244919,-0.07597425830289074,0.99394839678731,0.0793378635914905,1.5158612728118896
25,0.12172973894141106,-0.13050256669521332,-0.08592017740011215,0.007612555753439665,-0.043950932172401,-0.08503753321171617,0.9954079231684081,0.9959007512197152,0.07512440540438085,0.050378739887427665,-0.07906351213464836,0.9935416911019423,0.08138715556663102,1.4837762117385864
26,0.12620607155458755,-0.1260451227426529,-0.08557713776826859,0.007838544435799122,-0.04370219588041547,-0.08719698250030669,0.9952320354158979,0.9956578225388771,0.07816305920726642,0.050557260532025874,-0.08219882107678876,0.993120024675343,0.08340246040994458,1.4481256008148193
27,0.13065360642931062,-0.12161745876073837,-0.08522266149520874,0.008063721470534801,-0.04337081683772772,-0.08931475873870745,0.995058714909967,0.9954045237497329,0.08125665380550394,0.0506674482375009,-0.08538049243481151,0.992683434904698,0.08538014744306453,1.4158439636230469
28,0.13507250998394554,-0.11721944063901901,-0.08485668152570724,0.008287783712148666,-0.04295660285801217,-0.09138665519879471,0.994888541255992,0.995140490631744,0.08440388719733974,0.050708852591936596,-0.08860657264339093,0.9922321511781775,0.08731685663557591,1.3823511600494385
29,0.1394629062125976,-0.11285097897052765,-0.08447912335395813,0.008510430343449116,-0.04245961526749012,-0.09340854141487837,0.9947220845352142,0.9948651247290615,0.08760620700052063,0.05068072703514482,-0.09187784164207641,0.9917661949390758,0.08920917436710597,1.3495665788650513
30,0.1438249726766547,-0.10851193219423294,-0.08408991247415543,0.008731364272534847,-0.041880130293958595,-0.09537639464319173,0.9945599016808526,0.994578190835154,0.09086040481763188,0.050582696166261036,-0.0951905104800498,0.9912859976623228,0.09105403644628182,1.3198281526565552
31,0.14815888610974945,-0.10420215874910355,-0.08368900418281555,0.008950295858085155,-0.04121864959735281,-0.09728635847893503,0.9944025278423617,0.9942784844162642,0.09417303593538466,0.0504156198971074,-0.09855065706510796,0.9907911021151476,0.09284804769884314,1.2830865383148193
32,0.1524648330573438,-0.09992151707410812,-0.08327627182006836,0.009166947565972805,-0.04047594831055238,-0.09913470436577773,0.9942504754832513,0.993965271635459,0.09754527234439875,0.05017926490000959,-0.10195894000694172,0.9902814973302141,0.094588215957856,1.2536535263061523
33,0.1567429495309782,-0.09566991031169891,-0.08285167068243027,0.009381037205457687,-0.03965296337657507,-0.10091784886316256,0.9941042351163624,0.9936384527553389,0.10097144512496761,0.04987376540178204,-0.10540929434976104,0.9897578367092975,0.09627203818979352,1.2228015661239624
34,0.1609934511195176,-0.09144716709852219,-0.0824151262640953,0.009592301212251186,-0.038750853889303966,-0.10263238234571273,0.9939642676761037,0.9932967972039485,0.10445675948028264,0.04950008144697016,-0.10890659773177443,0.9892196940953385,0.09789662805436476,1.1911211013793945
35,0.1652164598887683,-0.08725321292877197,-0.08196655660867691,0.009800476022064686,-0.037771007688139895,-0.10427502950816786,0.9938310063583714,0.9929395165566941,0.10800172222718599,0.0490585818804466,-0.1124510453686232,0.9886670711180392,0.09945946351344402,1.1616036891937256
36,0.16941221091566006,-0.08308786153793335,-0.08150588721036911,0.010005312971770763,-0.03671496937313709,-0.10584271540182703,0.9937048508587938,0.9925660994809804,0.11160383194934674,0.04855020963224102,-0.11603995520899525,0.988100267360447,0.10095835991787715,1.1332451105117798
37,0.17358086594244843,-0.07895100116729736,-0.08103305846452713,0.010206568986177444,-0.03558446247503938,-0.1073325546074497,0.9935861657409494,0.9921754941255507,0.1152653664713259,0.04797587048663241,-0.11967544625932733,0.9875190405588501,0.10239107430024842,1.1040343046188354
38,0.17772253905539234,-0.07484257221221924,-0.080547995865345,0.010404007509350777,-0.034381424121013596,-0.10874177078974387,0.9934752865375776,0.991766440850097,0.11898959314765226,0.0473371262973084,-0.12336074309026013,0.9869229668597186,0.1037554073242918,1.0756359100341797
39,0.1818375351599163,-0.07076232880353928,-0.08005060255527496,0.010597415268421173,-0.03310789744800035,-0.11006788843875963,0.9933725016635025,0.9913381547515603,0.12277551261548184,0.04663514163993877,-0.1270948496820162,0.9863120543042193,0.10504965834545353,1.0488357543945312
40,0.18592595731283423,-0.0667102262377739,-0.07954081892967224,0.010786574333906174,-0.03176612736232307,-0.11130850610525497,0.9932780726569056,0.9908895952209124,0.12662415032140484,0.04587084736866014,-0.13087880748224964,0.9856860465726793,0.10627208167692127,1.021801471710205
41,0.18998802624465705,-0.06268610805273056,-0.07901855558156967,0.010971284471452236,-0.03035844555075682,-0.11246147993129749,0.9931922172044061,0.9904201392737246,0.13053277612002484,0.04504599959391978,-0.13471007711632732,0.9850451006481459,0.10742134244365763,0.9981502294540405
42,0.19402394871391024,-0.05868982896208763,-0.07848376780748367,0.011151355691254139,-0.028887340214431814,-0.11352487410719772,0.993115111421773,0.9899283801417949,0.13450455874670758,0.044162493885599716,-0.13859205140906752,0.9843885705578973,0.10849601578494072,0.9715583920478821
43,0.19803395440031024,-0.05472123250365257,-0.07793634384870529,0.01132661197334528,-0.02735540138644332,-0.11449688899471253,0.9930468994088442,0.9894134237928417,0.13853876718110764,0.04322136978932108,-0.14252420557979653,0.9837162706756117,0.10949497537291279,0.9498048424720764
44,0.20201811105079653,-0.050780314952135086,-0.07737626880407333,0.011496873572468758,-0.025765374000681414,-0.11537595702992567,0.9929876807101052,0.9888735825766235,0.1426396555464132,0.04222518617690616,-0.1465111920076306,0.9830272330150431,0.11041707190145639,0.9233779311180115
45,0.20597676831921113,-0.04686681181192398,-0.07680338621139526,0.011661997996270657,-0.024120024279503938,-0.11616067824227286,0.9929375213270225,0.9883080456970009,0.14680528248697894,0.04117542767832742,-0.15055143891943626,0.9823212935372975,0.11126158592478366,0.9039628505706787
46,0.20991003071505399,-0.04298068583011627,-0.07621769607067108,0.011821825988590717,-0.02242225743828924,-0.11684987725509619,0.9928964440246727,0.9877159373156366,0.15103415226186265,0.04007383215059356,-0.15464389507778556,0.9815981876657495,0.11202795939624671,0.8801037073135376
47,0.2138182068296827,-0.03912171721458435,-0.07561906427145004,0.011976233683526516,-0.020675003728341065,-0.11744253450847277,0.992864439543012,0.9870959228271238,0.15532764332848212,0.038922517340078795,-0.15879045262714134,0.9808571633989059,0.11271564737657166,0.8615338802337646
48,0.21770145330154717,-0.03528982400894165,-0.07500747591257095,0.012125086970627308,-0.018881291816740368,-0.1179378521300255,0.992841457562227,0.9864466190975631,0.15968722106058234,0.03772345558052666,-0.16299311664009608,0.980097366698273,0.11332429447854196,0.8389109373092651
49,0.22155993931517923,-0.0314849317073822,-0.07438281178474426,0.012268277816474438,-0.017044236902828518,-0.11833518011861774,0.9928274165909676,0.9857663364103743,0.16411581388866534,0.036479167092055,-0.16725544833514358,0.9793176047178341,0.11385360816387993,0.8207491040229797
50,0.22539394574119176,-0.027706844732165337,-0.07374501973390579,0.012405701912939548,-0.015166918277509512,-0.11863407108720489,0.9928222004806497,0.985054627278909,0.16860887667047048,0.03519130552184475,-0.17157352379905666,0.9785178463126304,0.11430376362511488,0.8012592196464539
51,0.2292036947986443,-0.023955436423420906,-0.07309401035308838,0.012537270784378052,-0.013252490604423387,-0.11883427565253797,0.9928256576171449,0.9843095545599488,0.1731705368374283,0.03386245669516619,-0.1759521726298802,0.9776965427004664,0.11467477202235946,0.7831861972808838
52,0.23298938958366752,-0.020230598747730255,-0.07242971658706665,0.012662901543080807,-0.011304141988294283,-0.11893567479410427,0.9928376109088433,0.9835304753454873,0.1777974797423291,0.032494003507660435,-0.18038872124783517,0.9768533642323564,0.11496701281018845,0.7660600543022156
53,0.23675128750192487,-0.01653217151761055,-0.07175207138061523,0.012782521545886993,-0.009325044938217314,-0.11893836124765152,0.9928578497250365,0.9827155630171882,0.18249282919978446,0.031088414151722903,-0.18488704302330206,0.9759867616516693,0.1151808248051178,0.7483716607093811
54,0.24048956381857828,-0.01286008395254612,-0.07106099277734756,0.012896069325506687,-0.007318432105308126,-0.11884255904204372,0.9928861398528324,0.9818630649202027,0.18725891449300336,0.029648283060034843,-0.1894502585947161,0.975095207342748,0.11531667761255764,0.7318782210350037
55,0.24420452201008216,-0.00921413954347372,-0.07035639137029648,0.013003496453166008,-0.005287465972686797,-0.11864866019247523,0.9929222215954874,0.9809726406667906,0.19209064729131625,0.02817554766862078,-0.1940740632376799,0.9741785109468285,0.11537541673960267,0.7168068289756775
56,0.24789639231366573,-0.005594212096184492,-0.0696382150053978,0.013104760088026524,-0.003235338688519488,-0.11835724740055106,0.992965807352567,0.9800429336563838,0.19698847522928928,0.026671873144351405,-0.1987596298338161,0.9732354154025027,0.1153578595269631,0.7013049125671387
57,0.25156531985364733,-0.0020002664532512426,-0.06890640407800674,0.013199822045862675,-0.0011652787540642772,-0.11796904995502658,0.9930165886721802,0.9790712512702558,0.20195908674739907,0.02513985314698762,-0.20351444796524562,0.97226328894127,0.1152647667177876,0.6856153607368469
58,0.2552116775686105,0.0015679479110985994,-0.06816083192825317,0.013288664631545544,0.0009196279092541446,-0.11748484655168469,0.9930742495479558,0.9780575878523835,0.20699579043157984,0.023581721480473355,-0.20833268417209325,0.9712621186624725,0.11509730473358692,0.6728150248527527
59,0.2588355700393077,0.005110430996865034,-0.06740149855613708,0.013371266424655914,0.003016180134916351,-0.11690573428871595,0.9931384354397981,0.9769996701508377,0.21210295802524093,0.021999539133748563,-0.21321947216183118,0.9702295692660986,0.11485660456739448,0.657148003578186
60,0.2624374376187221,0.008627486415207386,-0.06662823259830475,0.013447627425193787,0.0051213916150296525,-0.11623272033738492,0.9932088028561249,0.9758962850362404,0.217279714242712,0.02039526001478007,-0.21817472142144181,0.9691643288590055,0.1145438544835545,0.6453765034675598
61,0.2660173528027051,0.012119079008698463,-0.06584104895591736,0.013517740182578564,0.00723210973478066,-0.11546719368651008,0.9932849660449643,0.9747477157496703,0.22251866720640057,0.01877054568964902,-0.22319182903524437,0.9680665010946775,0.1141606627092324,0.6323558688163757
62,0.26957569506991713,0.01558545883744955,-0.06503984332084656,0.013581615872681141,0.009345403026379503,-0.11461048677831415,0.9933665485422349,0.9735491905578576,0.22783458311850757,0.017128231063249694,-0.2282863283708409,0.9669311290382983,0.11370815263507913,0.6181702613830566
63,0.2731126395952401,0.019026661291718483,-0.06422450393438339,0.013639269396662712,0.011458255569988737,-0.11366406300747278,0.9934531640494816,0.9723012390012871,0.2332187579228488,0.015469699075478073,-0.23345026182462417,0.9657584865297028,0.11318798942410968,0.6077942252159119
64,0.2766284483378942,0.022442830726504326,-0.06339501589536667,0.01369071938097477,0.013567774654777449,-0.11262960068443682,0.9935444069293439,0.9710041074107586,0.23866436833183152,0.013796473469835622,-0.23867753958732182,0.9645485125808947,0.11260194924834112,0.5958051085472107
65,0.2801234735669755,0.025834180414676666,-0.06255127489566803,0.013735993765294552,0.015671161736704364,-0.11150881507155268,0.9936398738230869,0.9696536919260492,0.24418236956768077,0.012111487377486492,-0.24397987649357097,0.9632967710211126,0.11195155562331494,0.5840288400650024
66,0.28359785375880686,0.029200710356235504,-0.0616932176053524,0.013775128871202469,0.01776556168114663,-0.11030352464831565,0.9937391595727281,0.9682493564106887,0.24976927908432742,0.01041590303250418,-0.24935442430160892,0.9620022573300812,0.11123860828436115,0.5732210874557495
67,0.2870519803358608,0.032542672008275986,-0.06082075461745262,0.013808160088956356,0.019848318158115857,-0.10901564023301484,0.9938418558557895,0.9667892169335894,0.2554265342421041,0.008711809571173098,-0.2548033043243938,0.9606626748121226,0.11046493257223418,0.5618466138839722
68,0.2904859969304007,0.03586006164550781,-0.05993381142616272,0.013835136778652668,0.021916712755778656,-0.10764719317899117,0.9939475536982147,0.9652729942444459,0.2611494446757225,0.007001009064686273,-0.26032249066097013,0.9592772921779577,0.10963246584745959,0.5527216792106628
69,0.29390037122304985,0.03915320709347725,-0.05903230980038643,0.013856105506420135,0.023968273224422302,-0.1062002828217352,0.9940558444107771,0.9637007469224255,0.2669324807267196,0.005284043360773621,-0.2659069594296988,0.9578457103494359,0.10874320250956959,0.5427130460739136
70,0.29729516927780564,0.042422033846378326,-0.058116231113672256,0.013871116563677788,0.026000362121842566,-0.10467713419716008,0.9941663234820433,0.9620673007514644,0.27278894036017654,0.00356410465106027,-0.2715706581862418,0.956362243322158,0.10779905918003642,0.53194260597229
71,0.30067084836764646,0.045666828751564026,-0.05718540772795677,0.013880236074328423,0.02801065288054487,-0.1030799127897834,0.9942786002446479,0.9603724052576292,0.2787139166748728,0.0018427890351122914,-0.27730923747455566,0.9548261130937274,0.10680206255314029,0.5232335925102234
72,0.30402747113044526,0.04888751730322838,-0.05623985454440117,0.01388352271169424,0.029996653959347388,-0.10141109770428043,0.9943922716984761,0.9586168063589925,0.28469949792670823,0.00012019303666071025,-0.28311516940392334,0.9532375383793884,0.10575441493286154,0.5142893195152283
73,0.30736563690266894,0.052084531635046005,-0.05527941510081291,0.01388104073703289,0.03195627068494482,-0.09967292208683848,0.9945069659718738,0.9567975250641948,0.29075063626616976,-0.0016011064452338235,-0.28899394617116575,0.9515929690974615,0.10465811120355126,0.5051795840263367
74,0.3106853518063877,0.05525772646069527,-0.054304081946611404,0.013872862793505192,0.0338871275959172,-0.097867983194946,0.9946223003978203,0.9549125576836992,0.2968686380477776,-0.0033194761082738474,-0.29494729726106916,0.9498898123190052,0.10351539156548475,0.4965604245662689
75,0.31398696336394066,0.05840728431940079,-0.053313761949539185,0.013859061524271965,0.03578713499833531,-0.09599877796204186,0.9947379130195076,0.9529626948715294,0.303045797886651,-0.005034537360612437,-0.3009678351069729,0.9481282939567361,0.10232839503144185,0.48895734548568726
76,0.31727091642686434,0.06153348833322525,-0.05230836570262909,0.01383970770984888,0.03765433720620422,-0.09406782107610571,0.994853454498478,0.9509454676007648,0.3092850352516963,-0.0067442285637171785,-0.30705887086138023,0.9463053329461438,0.10109929111038445,0.4803130626678467
77,0.32053738538750987,0.06463634222745895,-0.051287826150655746,0.01381488423794508,0.0394866984847572,-0.09207776858932223,0.9949685850188362,0.948858277989322,0.3155893143532868,-0.008447067962365032,-0.31322366638250554,0.9444177250675365,0.0998303330464233,0.47266677021980286
78,0.3237866326424797,0.06771594285964966,-0.05025208741426468,0.01378466933965683,0.04128231490723583,-0.09003132603532425,0.9950829768457609,0.946702247112906,0.32195029793265906,-0.010142039856276184,-0.31945415956916795,0.9424659771354497,0.09852371225283164,0.4655456840991974
79,0.3270190996037958,0.07077255845069885,-0.04920104891061783,0.013749146834015846,0.04303946254821855,-0.08793114684415489,0.9951963213749497,0.9444737812268955,0.3283738418068055,-0.011827788973825006,-0.32575640835592296,0.9404458944016975,0.09718169641470863,0.4574059844017029
80,0.3302349446373827,0.07380616664886475,-0.04813464358448982,0.013708400540053844,0.0447563362789695,-0.08578000601755623,0.99530832455602,0.9421713034835215,0.3348595301014917,-0.013502962355359293,-0.3321301936778655,0.938355284647448,0.09580654581869973,0.4506745934486389
81,0.333434544901352,0.07681696861982346,-0.047052789479494095,0.013662519864737988,0.04643133557754857,-0.08358067843758618,0.9954187065091743,0.9397976174435241,0.34139479558026875,-0.015166799206884261,-0.3385631144618313,0.9361963434901406,0.0944003387790308,0.4444534480571747
82,0.33661819453041286,0.07980509102344513,-0.04595544934272766,0.013611587695777416,0.048062900837135006,-0.08133601095342617,0.9955272024838416,0.9373487033277402,0.3479864224737069,-0.01681838707353242,-0.34506200915620283,0.9339644728562302,0.09296544131809856,0.43711817264556885
83,0.33978624040666433,0.0827706828713417,-0.04484250023961067,0.013555695302784443,0.049649550165931575,-0.079048758094081,0.9956335751731679,0.9348228854735597,0.35463439222842236,-0.018455910805624667,-0.35162699098912376,0.9316573792978853,0.09150402618317538,0.4311598837375641
84,0.3429390087942039,0.08571389317512512,-0.04371388629078865,0.01349493209272623,0.05118989411398723,-0.07672182788297272,0.9957375938804832,0.9322188547594025,0.3613376108144502,-0.020078292805246763,-0.358256999850578,0.9292731651024138,0.09001836856222706,0.4242143929004669
85,0.3460766779313937,0.08863470703363419,-0.04256954416632652,0.01342939492315054,0.05268255522727321,-0.07435813187943349,0.9958390515530741,0.9295374948386717,0.36808939189220957,-0.021685139277166025,-0.36494532446716665,0.9268121658026194,0.08851056134616106,0.4192716181278229
86,0.3491997243441948,0.09153342247009277,-0.04140939936041832,0.01335916854441166,0.054126354926914026,-0.07196054987219912,0.9959377575754504,0.9267769619198756,0.37489028014583303,-0.023275323987953372,-0.3716924798372448,0.9242719776857143,0.08698282415154002,0.4124661684036255
87,0.3523083537891331,0.09441003948450089,-0.040233366191387177,0.0132843516767025,0.05552006870851162,-0.06953197699434302,0.9960335466970279,0.9239353497795469,0.38174086127309037,-0.024847218400163105,-0.378499027759752,0.9216501226444327,0.08543733033296871,0.4076659679412842
88,0.35540299703931133,0.09726480394601822,-0.03904137387871742,0.013205035589635372,0.056862654349203075,-0.06707535486186038,0.9961262647428379,0.9210134236209865,0.3886351668870073,-0.02640038955502868,-0.3853588816463913,0.9189468576884683,0.08387612938573553,0.4017115533351898
89,0.3584838942480954,0.10009775310754776,-0.03783335164189339,0.013121316209435463,0.05815306092809614,-0.06459360333041332,0.9962157838106593,0.9180088831964941,0.3955747568198665,-0.02793388872372015,-0.3922734658987177,0.9161593802642628,0.0823013845910854,0.39690962433815
90,0.361551417002845,0.10290906578302383,-0.0366092324256897,0.013033287599682808,0.059390368663151,-0.062089691609881016,0.9963019895121381,0.9149213283584863,0.40255668100764624,-0.029446247483357803,-0.39923971376013756,0.9132867631984456,0.08071517281917827,0.3914552927017212
91,0.3646059294819883,0.10569889098405838,-0.0353689044713974,0.012941046617925167,0.06057373758269059,-0.059566486087341476,0.9963847931650051,0.9117490217964059,0.40958101600232405,-0.030937236201719186,-0.40625747346981705,0.9103268445412638,0.0791195384052927,0.38676196336746216
92,0.36764771693191856,0.10846731811761856,-0.03411232307553291,0.012844686396420002,0.06170232154439166,-0.05702697796249533,0.996464122435172,0.9084957404110364,0.4166357293557432,-0.03240615187291498,-0.413314531524603,0.9072829455201676,0.07751615830810038,0.3827294111251831
93,0.37067713407980557,0.11121451109647751,-0.032839443534612656,0.012744303792715073,0.06277543113657263,-0.05447415467777625,0.9965399197813196,0.9051541011921472,0.42373364798236474,-0.0338503864467406,-0.4204235243884887,0.9041471680094959,0.07590756695593978,0.3768535256385803
94,0.3736944421347835,0.11394049227237701,-0.03155014291405678,0.01264000404626131,0.06379240154787566,-0.0519109082391647,0.9966121548077465,0.9017251645122676,0.4308685917845418,-0.0352701615948925,-0.4275779695823367,0.9009202275750167,0.0742955144946626,0.3735105097293854
95,0.37670009509406743,0.11664552241563797,-0.030244359746575356,0.01253187470138073,0.06475266534468098,-0.049340145393332,0.996680812689461,0.8982136221121277,0.4380273216415622,-0.03666544078190216,-0.4347643487417574,0.897606467886468,0.07268142728052812,0.36914438009262085
96,0.37969440751060424,0.11932969838380814,-0.02892201580107212,0.01242001447826624,0.06565571262465567,-0.0467647887760473,0.9967458963700229,0.8946137002609647,0.44521875051174414,-0.0380340833746024,-0.44199130669125286,0.894199689433638,0.07106757506869282,0.36500823497772217
97,0.3826776246395738,0.1219930574297905,-0.02758307382464409,0.012304526753723621,0.06650109025205245,-0.044187841278073584,0.9968074235670961,0.8909270867758817,0.4524361842224095,-0.03937543974746883,-0.44925183144878567,0.8907012436421048,0.06945564422219155,0.36135897040367126
98,0.3856502672518137,0.12463589012622833,-0.026227392256259918,0.012185501866042614,0.06728845404451195,-0.04161203847282551,0.9968654383648957,0.8871562511744165,0.4596718256860309,-0.04068904855887752,-0.4565378017706183,0.8871133084150981,0.0678469865747239,0.35805103182792664
99,0.38861257575721114,0.12725824117660522,-0.02485496737062931,0.01206304132938385,0.06801746401083172,-0.039040395645391,0.996919992826599,0.8832939510069612,0.46693686934929735,-0.041973279080735205,-0.46386004702871647,0.8834283153169011,0.06624400702598635,0.35344013571739197
100,0.3915648535357268,0.12986016273498535,-0.023465678095817566,0.011937249451875687,0.06868789552788952,-0.036475719124688014,0.9969711605268663,0.879343503163968,0.47422185423306723,-0.04322772734104783,-0.47120874992918216,0.8796493344858272,0.06464798781724639,0.3510682284832001
101,0.39450752208787343,0.13244187831878662,-0.022059479728341103,0.01180821843445301,0.0692995737146184,-0.03392086672890942,0.9970190288471589,0.8753085832537726,0.48151732041627826,-0.04445170661966614,-0.4785740907665373,0.8757797979517696,0.06306017084134662,0.3474159836769104
102,0.3974409587910753,0.13500352203845978,-0.02063625678420067,0.01167604885995388,0.06985240880211935,-0.0313786064957118,0.9970637010938312,0.8711853720583143,0.48882788965079566,-0.0456436393286749,-0.4859603110644551,0.8718156295727897,0.06148238855752531,0.34467196464538574
103,0.4003654614758018,0.13754518330097198,-0.019195981323719025,0.011540843173861504,0.07034631781856378,-0.028851790203230802,0.9971052952278603,0.8669740881778168,0.496150601576772,-0.046802895030651506,-0.49336404476380297,0.8677568654927117,0.05991612240928175,0.34134361147880554
104,0.40328137641921213,0.1400669664144516,-0.01773855648934841,0.011402702890336514,0.07078134708925997,-0.026343158243722936,0.9971439409222601,0.8626785530384868,0.5034764208310549,-0.047929195638705395,-0.5007758560529758,0.8636071851741055,0.05836241693134017,0.3394617438316345
105,0.40618918621905703,0.1425691395998001,-0.016263900324702263,0.011261719278991222,0.07115757403996117,-0.02385540535774118,0.9971797828335498,0.8582955586251647,0.5108088843488413,-0.049020584600842874,-0.5081988864581153,0.8593631646523346,0.05682290947721717,0.33583715558052063
106,0.4090890941204903,0.14505165815353394,-0.01477195043116808,0.011118007823824883,0.07147513538550034,-0.021391271306421458,0.997212975514017,0.8538252861053092,0.5181454510970039,-0.05007666437243166,-0.5156301635343069,0.8550248905093042,0.05529892461102955,0.3342300057411194
107,0.4119815681095939,0.14751477539539337,-0.013262632302939892,0.010971658863127232,0.07173424829821347,-0.018953403116204522,0.997243684427936,0.84927262222401,0.5254761063931289,-0.05109671956858985,-0.5230592717054526,0.8505971436571274,0.05379123985648436,0.3315292298793793
108,0.4148668729913852,0.1499585211277008,-0.011735894717276096,0.010822785086929798,0.0719351733237786,-0.01654446789003133,0.9972720849502976,0.8446300229898377,0.5328112966907562,-0.05207923178102205,-0.5304962095686648,0.8460722726205615,0.05230182727168757,0.3290374279022217
109,0.4177454649851365,0.15238308906555176,-0.010191592387855053,0.010671482421457767,0.07207822830396744,-0.014166930750776179,0.9972983641206196,0.839907259428968,0.5401335554647326,-0.05302393628868678,-0.5379231248487972,0.8414600072436729,0.05083077770783623,0.3278769254684448
110,0.4206176730332718,0.15478861331939697,-0.008629724383354187,0.01051785796880722,0.07216381516966133,-0.0118234394248943,0.9973227110922145,0.8351056536976091,0.5474396322565497,-0.053929548460027656,-0.5453363454639737,0.8367615965797638,0.04937915354967384,0.3257145285606384
111,0.4234839008916933,0.1571752429008484,-0.0070501756854355335,0.010362014174461365,0.07219237072533986,-0.009516419820926596,0.997345326034492,0.8302153164737571,0.5547432180357604,-0.054794984585342314,-0.5527491035916551,0.8319671453461104,0.04794890554815277,0.32333752512931824
112,0.4263443576835952,0.15954294800758362,-0.0054529160261154175,0.010204067453742027,0.07216441195039895,-0.007248376806283482,0.9973664114464289,0.8252457510085014,0.5620284168898179,-0.05561932263826627,-0.5601451154888321,0.8270861289747983,0.04654014236641736,0.32261309027671814
113,0.4291996042067057,0.16189205646514893,-0.003837819444015622,0.010044113732874393,0.07208053142825852,-0.005021614571955602,0.9973861741452559,0.8202025310928661,0.5692860495662145,-0.05640214320528543,-0.5675148051615381,0.822124160988098,0.045153181970681786,0.3210308253765106
114,0.43204996797943374,0.16422265768051147,-0.0022048235405236483,0.009882261976599693,0.07194130970682588,-0.0028384779986182543,0.9974048280414116,0.8150762655962626,0.5765287518027317,-0.05714262512726606,-0.5748703624820515,0.8170719178386416,0.043789809536451264,0.3192298412322998
115,0.43489572278219624,0.16653478145599365,-0.0005538761615753174,0.00971862580627203,0.0717474483414847,-0.0007012625214531629,0.9974225844081143,0.809872515626312,0.5837475116033005,-0.05783901045197323,-0.5822023913490889,0.8119349390114636,0.04245032767662911,0.3184274435043335
116,0.4377372764877156,0.16882860660552979,0.0011150955688208342,0.009553316980600357,0.07149971079198146,0.0013878317166813566,0.9974396549565239,0.8045991573715693,0.5909305906456804,-0.05849130701316139,-0.5894987805430588,0.8067212174630314,0.04113471810054298,0.31767401099205017
117,0.44057507989393885,0.1711043417453766,0.002802196191623807,0.009386436082422733,0.07119886589199041,0.003426707122695949,0.9974562542658147,0.7992488696307412,0.5980874861950957,-0.05909825082702481,-0.5967686161157784,0.8014235121837148,0.03984435892793435,0.3160399794578552
118,0.44340936587838325,0.17336197197437286,0.004507467150688171,0.009218109771609306,0.07084580553823794,0.00541326546599474,0.997472590297414,0.7938241108177738,0.6052140995624394,-0.05965881976033626,-0.6040074246197132,0.7960443692222818,0.03857969976245204,0.31567078828811646
119,0.44624059734921845,0.17560172080993652,0.006231012754142284,0.009048441424965858,0.07044141430378875,0.007345551302434687,0.9974888721318876,0.7883337756549059,0.6122981921796847,-0.060172934240989684,-0.611202636516954,0.7905928353526163,0.0373404044412378,0.3151096701622009
120,0.44906916432811245,0.1778237372636795,0.007972916588187218,0.008877546526491642,0.06998666665863681,0.009221664030262219,0.9975053019420628,0.7827763155083437,0.6193416867922636,-0.060639218996418734,-0.6183558108102485,0.7850674617816416,0.036127159989832354,0.3145928382873535
121,0.4518953478753568,0.18002808094024658,0.009733200073242188,0.008705545216798782,0.06948262581905466,0.011039719190242617,0.997522074597595,0.7771584441164765,0.626335982503062,-0.06105726623737342,-0.6254580237534816,0.7794751226721941,0.03493985772091068,0.31482863426208496
122,0.4547196556638018,0.18221502006053925,0.011511987075209618,0.00853254646062851,0.06893032664595761,0.012798023178737324,0.9975393830176321,0.7714701102119158,0.6332935532628424,-0.06142592649148787,-0.6325213908411712,0.7738059269585364,0.03377983913802235,0.31319060921669006
123,0.4575422658908877,0.18438446521759033,0.01330932043492794,0.008358681574463844,0.06833095134834141,0.014494908108715726,0.9975574062312156,0.7657159700706282,0.6402082555128866,-0.061744981593189384,-0.6395394746705577,0.7680647303694741,0.03264705653767474,0.3140016794204712
124,0.46036368457525284,0.18653669953346252,0.015125304460525513,0.008184059523046017,0.06768566182286398,0.016128831939778446,0.997576318866812,0.7599110526069318,0.6470621758475122,-0.06201397192010967,-0.646494116410443,0.7622667272805133,0.031540353957055955,0.31398066878318787
125,0.46318419035364544,0.1886717826128006,0.016959959641098976,0.008008806966245174,0.06699571146244451,0.01769829017731445,0.9975962836590965,0.7540465485052238,0.6538661624469282,-0.062232180536170155,-0.653395856875887,0.7564033237275397,0.030460894132583523,0.3138687014579773
126,0.4660042336243791,0.19078989326953888,0.01881343126296997,0.00783303938806057,0.06626239948807608,0.019201989593250302,0.99761745073437,0.7481259362807104,0.6606163677614953,-0.06239870278875235,-0.6602405959809474,0.7504781771747939,0.029408519226950564,0.31419339776039124
127,0.4688241043432113,0.19289110600948334,0.020685741677880287,0.007656887173652649,0.06548709804243905,0.020638639825458948,0.9976399583698193,0.7421583397706506,0.6673028347180063,-0.06251340245247328,-0.6670181638677706,0.7445006365327071,0.0283825874941313,0.3150688707828522
128,0.47164422044721505,0.1949756145477295,0.02257697284221649,0.007480468135327101,0.06467117854438661,0.02200709194945928,0.9976639346842243,0.7361415356726468,0.6739286484732273,-0.06257648299933818,-0.6737314335692923,0.7384687558923184,0.02738342548911244,0.3151346445083618
129,0.47446494712133885,0.1970435231924057,0.02448722906410694,0.007303906604647636,0.06381609325826493,0.023306345694888177,0.9976894910199279,0.7300737198891628,0.6804963069457355,-0.06258705745132706,-0.6803826897357701,0.7323809395210873,0.026411265288285236,0.3157997727394104
130,0.47728657272379105,0.19909490644931793,0.026416534557938576,0.007127333432435989,0.0629233642996722,0.024535452930804755,0.9977167242131861,0.7239655419083773,0.6869949256899831,-0.06254491350640907,-0.6869608946137234,0.7262480653167888,0.02546520950500888,0.3169883191585541
131,0.48010955949054845,0.2011299878358841,0.028365010395646095,0.006950868293642998,0.061994502039926416,0.025693648218987897,0.9977457181857612,0.7178166638887135,0.6934257275484328,-0.06244995930826799,-0.693467117850048,0.7200700569909596,0.02454525383416865,0.31755462288856506
132,0.4829342202030745,0.20314884185791016,0.030332719907164574,0.006774641573429108,0.06103112356512877,0.026780263381273182,0.9977765378327993,0.711627693647905,0.6997888407568047,-0.06230251989776379,-0.6999013646587864,0.7138478092069439,0.02365132214517992,0.318814218044281
133,0.4857608846317107,0.20515158772468567,0.03231970593333244,0.006598779931664467,0.0600348601190853,0.02779473187050817,0.9978092344986232,0.7054074010629816,0.7060762844056205,-0.06210216683436399,-0.706255549939427,0.7075903137866381,0.02278258139642842,0.32025793194770813
134,0.488590003054094,0.20713843405246735,0.03432609513401985,0.006423408631235361,0.059007367665055335,0.028736668880508853,0.9978438427043046,0.6991516206557306,0.7122932535833522,-0.061849270279510274,-0.7125347793119693,0.7012937024423664,0.021939261280199514,0.3210541903972626
135,0.4914218970196293,0.20910945534706116,0.036351967602968216,0.006248653866350651,0.057950350032453045,0.029605797771681465,0.9978803804411721,0.6928601346554303,0.7184407773636221,-0.06154415672030239,-0.7187400201197786,0.6949580402079799,0.021121217495782295,0.322451114654541
136,0.4942567820735272,0.2110646814107895,0.038397300988435745,0.006074654869735241,0.05686563290641921,0.030401950772163608,0.997918844988609,0.6865446700960037,0.7245085380213021,-0.061186553236842744,-0.7248609140495471,0.688595276312807,0.020327339298195354,0.3244401812553406
137,0.4970951801667423,0.21300438046455383,0.04046227037906647,0.005901528522372246,0.05575492799190192,0.031125149622196875,0.9979592241497713,0.6802137461353599,0.7304897869243026,-0.06077771604615662,-0.7308907365384535,0.6822142395537992,0.01955665084590204,0.3266584277153015
138,0.49993738881378913,0.21492867171764374,0.04254688695073128,0.00572940381243825,0.05462008917337533,0.03177549591186998,0.9980014848276766,0.673862272537593,0.7363907630081132,-0.06031817144774514,-0.7368357147291602,0.675810132486609,0.0188094212563694,0.32811856269836426
139,0.5027837535027043,0.21683765947818756,0.04465124383568764,0.0055584073998034,0.053462949499470384,0.03235327131290761,0.9980455795534443,0.6674757218675927,0.7422258430072415,-0.059807680857275586,-0.7427101957920393,0.6693686887112426,0.018086559638096064,0.3288132846355438
140,0.5056345588366503,0.2187313586473465,0.04677543416619301,0.005388672463595867,0.05228542064858082,0.03285896343291616,0.998091440354898,0.6610799489616683,0.7479726063196658,-0.05924762675588117,-0.7484918716120095,0.6629160255569344,0.017385660486415856,0.3329521417617798
